-7
2
-9
-11
6
-1
-15
-11
-16
-13
-11
-9
-12
-12
-18
-31
-16
-16
-10
0
-7
-15
-10
-20
-37
-13
-48
-17
-7
-16
-3
-15
-34
-15
-15
0
-21
-21
-20
-18
-23
-18
-21
-21
-23
-21
-21
-21
-13
-16
-39
-27
-14
-15
-23
-15
-19
-10
-22
-21
-22
-23
-26
-22
-21
-25
-37
-34
-17
-20
-21
-21
-31
-26
-23
-34
-20
-20
-19
-26
-23
-15
-21
-26
-65
-23
-30
-24
-27
-13
-22
-12
-1
-18
-47
-10
-17
-19
-24
-26
-44
-22
-29
-12
-59
-65
-46
-25
-20
-22
-24
-26
-23
-16
-27
-27
-26
-43
-37
-20
-24
-19
-26
-49
-28
-24
-19
-30
-26
-17
-24
-44
-38
-15
-30
-27
-31
-22
-24
-33
-65
-15
-29
-39
-19
-20
-29
-26
-7
-26
-56
-28
-21
-25
-26
-52
-23
-21
-29
-44
-18
-65
-27
-52
-29
-24
-29
-41
-32
-20
-11
-23
-14
-65
-23
-59
-27
-30
-26
-18
-52
-29
-26
-28
-28
-34
-31
-31
-27
-27
-59
-59
-59
-32
-46
-38
-22
-26
-29
-32
-27
-59
-24
-27
-26
-28
-26
-23
-27
-65
-29
-65
-32
-65
-65
-28
-23
-16
-31
-25
-29
-31
-36
-26
-22
-65
-13
-27
-22
-34
-65
-25
-25
-34
-26
-19
-19
-28
-2
-29
-31
-24
-24
-29
-65
-36
-21
-23
-21
-43
-28
-25
-59
-30
-34
-33
-31
-29
-42
-28
-1
-29
-28
-31
-33
-28
-31
-59
-30
-30
-29
-28
-26
-28
-46
-23
-32
-33
-30
-47
-51
-20
-33
-54
-28
-31
-30
-33
-31
-31
-29
-18
-59
-33
-31
-25
-30
-36
-33
-33
-31
-49
-2
-31
-65
-30
-24
-28
-35
-31
-32
-56
-26
-29
-29
-15
-56
-25
-65
-18
-26
-65
-29
-31
-33
-31
-42
-52
-30
-27
-27
-23
-44
-31
-26
-27
-28
-46
-35
-30
-34
-34
-33
-33
-65
-32
-6
-47
-11
-31
-27
-32
-30
10
-27
-47
-44
-33
-24
-34
-33
-34
-49
-47
-33
-32
-48
-27
-32
-46
-65
-65
-9
-54
-34
-65
-31
-32
-25
-25
-54
-51
-32
-30
-32
-42
-65
-65
-43
-18
-39
-65
-27
-28
-34
-27
-34
-36
-42
-65
-30
-33
-35
-30
-34
-59
-14
-30
-65
-30
-29
-33
-19
-34
-29
-34
-25
-65
-65
-18
-33
-26
-65
-65
-24
-45
-31
-59
-18
-65
-18
-27
-23
-28
-26
-42
-27
-34
-28
-34
-52
-30
-37
-31
-59
-16
-33
-25
-32
-49
-65
-33
-23
-65
-35
-35
-36
-34
-59
-26
-31
-34
-1
-35
-51
-26
-21
-65
-27
-47
-30
-33
-65
-20
-38
-31
-35
-29
-37
-34
-23
-29
-28
-37
-65
-25
-13
-46
-32
-37
-28
-37
-33
-27
-30
-24
-56
-28
-25
-31
-34
-30
-36
-38
-65
-59
-22
-23
-29
-30
-34
-65
-35
-31
-37
-33
-33
-32
-47
-65
-31
-35
-56
-14
-33
-40
-65
-54
-52
-29
-56
-22
-59
-27
-52
-52
-42
-34
-31
-38
-34
-34
-38
2
-33
-36
-52
-54
-47
-26
-34
-36
-35
-24
-17
-30
-33
-30
-44
-28
-32
-30
-56
-65
-65
-65
-52
-27
-25
-24
-38
-25
-40
-65
-65
-33
-46
-32
-33
-34
-52
-65
-37
-48
-29
-33
-45
-22
-42
-23
-28
-13
-65
-65
-23
-22
-34
-25
-26
-48
-54
-54
-65
-30
-23
-31
-56
-28
-27
-38
-36
-36
-34
-37
-65
-65
-35
-29
-43
-34
-37
-26
-56
-36
-65
-65
-32
-59
-20
-65
-65
-52
-33
-33
-34
-30
-20
-65
-65
-38
-52
-27
-20
-35
-37
-37
-38
-39
-27
-37
-39
-43
-33
-32
-34
-23
-37
-36
-37
-31
-65
-65
-35
-32
-34
-54
-29
-24
-21
-19
-34
-31
-21
-28
-34
-56
-30
-36
-46
-65
-65
-56
-59
-52
-41
-33
-65
-65
-65
-65
-65
-35
-37
-38
-56
-14
-48
-20
-65
-38
-59
-59
-1
-35
-34
-51
-37
-36
-65
-65
-54
-56
-41
-38
-35
-65
-32
-31
-37
-38
-37
-32
-38
-38
-37
-59
-33
-54
-65
-65
-65
-65
-65
-18
-47
-26
-51
-51
-56
-29
-44
-24
-21
-32
-32
-32
-65
-65
-65
-65
-30
-31
-35
-59
-26
-65
-65
-65
-65
-28
-26
-40
-29
-59
-59
-32
-32
-36
-36
-36
-35
-34
-65
-65
-65
-65
-51
-16
-37
-38
-38
-41
-41
-39
-36
-36
-59
-59
-26
-54
-54
-43
-65
-65
-65
-65
-36
-14
-35
-35
-30
-28
-65
-65
-65
-29
-33
-36
-23
-24
-46
-45
-29
-20
-41
-35
-39
-39
-65
-65
-65
-65
-32
-23
-39
-38
-38
-39
-39
-39
-37
-36
-65
-24
-43
-27
-44
-36
-56
-56
-27
-33
-36
-65
-65
-36
-56
-37
-42
-25
-54
-38
-59
-54
-49
-43
-65
-65
-65
-17
-36
-33
-6
-40
-40
-39
-33
-35
-39
-59
-40
-40
-38
-39
-33
-38
-30
-33
-45
-35
-30
-28
-30
-44
-65
-65
-39
-59
-38
-27
-46
-27
-48
-46
-15
-36
-31
-35
-49
-38
-29
-21
-65
-65
-65
-34
-34
-35
-36
-22
-36
-41
-38
-37
-39
-42
-36
-41
-41
-52
-65
-65
-23
-31
-40
-45
-42
-28
-56
-45
-35
-47
-48
6
-65
-65
-36
-40
-35
-59
-59
-54
-30
-38
-35
-33
-65
-65
-38
-40
-37
-38
-27
-30
-36
-41
-37
-39
-38
-35
-42
-39
-36
-39
-39
-39
-40
-35
-40
-16
-39
-38
-43
-65
-65
-65
-28
-33
-45
-49
-48
-19
-29
-34
-34
-36
-38
-39
-52
-56
-56
-31
-65
-65
-65
-28
-32
-47
-32
-39
-39
-31
-29
-39
-7
-65
-65
-28
-39
-7
-39
-37
-42
-42
-37
-41
-40
-51
-39
-38
-39
-40
-38
-41
-39
-37
-41
-42
-43
-42
-40
-40
-42
-36
-39
-40
-65
-21
-51
-42
-54
-23
-41
-41
-26
-35
-24
-30
-34
-27
-36
-29
-54
-23
-52
-43
-42
-54
-65
-65
-65
-35
-39
-38
-36
-38
-40
-38
-32
-36
-35
-56
-29
-65
-65
-65
-65
-65
-43
-38
-32
-36
-29
-48
-59
-65
-65
-65
-65
-65
-26
-40
-42
-35
-45
-39
-41
-40
-31
-34
-31
-33
-37
-37
-54
-56
-40
-43
-39
-38
-43
-43
-41
-39
-42
-43
-42
-34
-42
-39
-59
-31
-32
-24
-65
-65
-65
-36
-56
-56
-30
-4
-32
-43
-35
-65
-65
-40
-33
-34
-22
-34
-39
-39
-37
-40
-38
-24
-59
-31
-65
-65
-65
-33
-37
-37
-31
-33
-38
-36
-38
-37
-36
-35
-46
-31
-44
-41
-39
-41
-52
-42
-41
-27
-43
-38
-43
-65
-65
-65
-65
-65
-65
-35
-44
-44
-41
-44
-41
-35
-42
-40
-38
-42
-39
-42
-39
-41
-41
-42
-36
-44
-44
-39
-39
-56
-43
-38
-37
-35
-36
-59
-56
-33
-33
-39
-65
-65
-65
-56
-44
-34
-36
-40
-41
-35
-59
-59
-39
-19
-39
-23
-33
-65
-65
-65
-65
-65
-46
-37
-51
-35
-31
-34
-33
-59
-33
-37
-41
-40
-52
-43
-33
-31
-43
-41
-41
-42
-43
-43
-41
-34
-52
-65
-65
-65
-65
-65
-65
-18
-46
-27
-36
-28
-39
-59
-24
-42
-43
-42
-44
-41
-42
-43
-44
-44
-37
-36
-43
-41
-44
-41
-40
-41
-43
-41
-41
-40
-51
-30
-32
-49
-54
-65
-65
-65
-65
-65
-65
-65
-65
-65
-65
-65
-65
-65
-65
-65
-41
-39
-37
-39
-26
-39
-26
-38
-34
-39
-52
-52
-59
-59
-59
-41
-36
-26
-38
-39
-34
-40
-37
-41
-28
-23
-35
-36
-35
-65
-65
-65
-65
-65
-65
-65
-65
-40
-32
-26
-42
-29
-34
-47
-42
-35
-37
-59
-14
-31
-51
-48
-32
-54
-33
-52
-41
-38
-39
-40
-29
-26
-29
-65
-65
-65
-65
-65
-34
-35
-35
-20
-49
-59
-59
-37
-41
-43
-43
-42
-39
-42
-26
-32
-37
-33
-30
-46
-41
-42
-39
-54
-56
-33
-37
-39
-65
-65
-65
-65
-65
-65
-41
-40
-40
-44
-51
-44
-48
-35
-18
-45
-42
-45
-43
-39
-41
-44
-42
-44
-45
-43
-42
-43
-42
-36
-45
-44
-20
-41
-44
-43
-37
-45
-45
-45
-42
-42
-44
-45
-41
-44
-45
-43
-43
-44
-44
-59
-34
-38
-39
-39
-38
-40
-35
-32
-43
-56
-25
-33
-41
-43
-43
-43
-43
-40
-39
-42
-39
-43
-65
-65
-65
-31
-37
-59
-36
-47
-52
-54
-54
-38
-37
-36
-34
-36
-34
-42
-42
-40
-38
-39
-44
-65
-65
-65
-65
-65
-65
-65
-27
-59
-59
-32
-33
-54
-36
-30
-52
-52
-24
-41
-42
-49
-43
-43
-44
-43
-36
-44
-44
-41
-43
-41
-44
-44
-43
-35
-39
-43
-47
-28
-65
-65
-65
-65
-65
-65
-33
-59
-59
-59
-28
-38
-39
-40
-41
-52
-56
-56
-24
-41
-41
-21
-35
-27
-43
-46
-45
-41
-46
-46
-46
-41
-44
-45
-45
-46
-39
-43
-44
-46
-44
-42
-44
-46
-37
-43
-43
-46
-44
-42
-39
-37
-43
-44
-45
-46
-46
-44
-44
-38
-65
-65
-65
-65
-65
-41
-59
-41
-43
-42
-40
-51
-56
-56
-37
-38
-32
-27
-34
-34
-41
-28
-39
-46
-28
-28
-65
-65
-65
-65
-65
-65
-65
-65
-65
-65
-65
-65
-65
-40
-37
-59
-41
-37
-42
-41
-26
-51
-45
-30
-28
-39
-42
-39
-40
-24
-54
-44
-41
-41
-40
-40
-40
-59
-65
-65
-65
-65
-65
-65
-65
-36
-41
-36
-45
-41
-44
-43
-45
-41
-44
-43
-27
-39
-48
-37
-35
-54
-45
-41
-46
-38
-41
-59
-59
-59
-59
-51
-26
-65
-65
-65
-65
-65
-65
-65
-65
-46
-36
-41
-44
-44
-46
-39
-44
-46
-39
-43
-45
-45
-46
-40
-39
-43
-45
-46
-45
-46
-46
-46
-44
-41
-43
-45
-42
-34
-46
-46
-46
-44
-46
-46
-44
-43
-46
-43
-36
-46
-46
-37
-46
-46
-45
-46
-37
-42
-41
-44
-41
-38
-31
-19
-37
-36
-33
-29
-59
-46
-65
-65
-65
-65
-65
-65
-65
-65
-65
-34
-31
-44
-39
-44
-44
-44
-43
-42
-37
-39
-44
-54
-34
-31
-52
-52
-52
-40
-41
-37
-36
-42
-39
-43
-34
-41
-36
-56
-51
-59
-43
-43
-38
-33
-65
-65
-65
-65
-65
-47
-26
-31
-35
-24
-54
-39
-36
-52
-30
-45
-44
-46
-41
-41
-46
-46
-41
-41
-46
-45
-43
-45
-46
-44
-43
-41
-37
-39
-38
-56
-31
-59
-59
-49
-37
-44
-28
-65
-65
-65
-65
-65
-65
-65
-65
-65
-65
-65
-65
-54
-40
-36
-40
-36
-51
-32
-26
-13
-21
-38
-25
-37
-36
-43
-45
-44
-45
-45
-45
-31
-45
-59
-36
-41
-41
-41
-47
-46
-47
-47
-47
-46
-47
-40
-35
-46
-47
-47
-39
-43
-47
-46
-45
-46
-46
-47
-44
-47
-47
-45
-47
-44
-47
-43
-47
-46
-43
-47
-39
-47
-47
-45
-47
-46
-44
-41
-54
-52
-65
-65
-65
-65
-65
-65
-65
-65
-65
-65
-65
-19
-35
-40
-26
-47
-32
-39
-44
-39
-43
-41
-37
-44
-49
-34
-39
-42
-14
-27
-41
-43
-44
-41
-37
-39
-39
-43
-40
-41
-44
-38
-42
-36
-44
-40
-48
-49
-59
-39
-42
-41
-42
-39
-26
-38
-36
-41
-30
-3
-65
-65
-65
-65
-65
-65
-65
-65
-65
-65
-65
-65
-26
-23
-37
-36
-33
-44
-44
-36
-49
-43
-37
-41
-24
-52
-54
-51
-52
-29
-35
-44
-44
-46
-42
-46
-45
-46
-46
-46
-44
