-3
-69
-56
-48
-58
-41
-50
-33
-63
-27
-32
-13
-41
-48
-36
-9
-51
-28
-17
-1
-9
-24
-41
-69
-9
-30
-15
-46
5
-39
-4
-69
-11
-27
-25
-2
-69
-41
-8
-40
-50
-44
-60
-52
-39
-40
-54
-47
-28
-26
-12
-10
-27
-36
-69
-5
-37
-24
-44
-45
-69
-69
-53
-42
-36
-63
-15
-13
-22
-38
-53
-42
-14
-69
-53
-11
-48
-37
-35
-69
-44
-24
-39
-69
-20
-63
-15
-41
-69
-21
-69
-16
-3
-69
-20
-16
-20
-69
-52
-69
-21
-49
-9
-23
-24
-23
-20
-52
-8
-31
-49
-48
-60
-22
-52
-49
-48
-21
-19
-45
-47
-60
-69
-23
-60
-14
-29
-54
-47
-20
-6
-21
-19
-20
-69
-45
-14
-31
-49
-16
-23
-14
-50
-20
-28
-10
-69
-42
-7
-54
-20
-63
-32
-44
-41
-23
-47
-53
-63
-22
-23
-26
-51
-21
-49
-63
-69
-20
-16
-26
-10
-42
-17
-25
-38
-22
-69
-60
-40
-19
-23
-56
-60
-48
-58
-16
-69
-69
-39
-52
-24
-26
-27
-69
-21
-22
-29
-50
-54
-60
-56
-26
-47
-36
-42
-48
-15
-47
-46
-27
-48
-26
-69
-26
-22
-49
-41
-26
-16
-69
-69
-69
-19
-41
-29
-25
-15
-69
-9
-20
-24
-39
-41
-69
-41
-21
-19
-41
-3
-69
-69
-69
-26
-19
-28
-22
-27
-30
-29
-21
-47
-39
-28
-69
-69
-69
-69
-43
-17
-49
2
-48
-63
-54
-58
-47
-69
-25
-50
-52
-52
-42
-48
-40
-25
-38
-69
-69
-69
-24
-27
-25
-63
-27
-58
-58
-45
-53
-46
-69
-44
-21
-27
-63
-60
-16
-48
-69
-69
-69
-13
-25
-2
-43
-27
-49
-35
-69
-69
-69
-69
-26
-47
-48
-43
-16
-28
-33
-26
-24
-39
-21
-44
-69
-69
-44
-23
-27
-45
-41
-44
-29
-18
-53
-46
-41
-17
-25
-20
-43
-17
-69
-69
-69
-30
-56
-5
-26
-10
-60
-37
-47
-50
11
-37
-25
-21
-69
-38
-19
-49
-20
-26
-27
-60
-56
-23
-42
-54
-25
-30
-29
-2
-27
-69
-28
-45
-58
-40
-34
-28
-27
-19
-51
-54
-24
-23
-29
-25
-8
-24
-30
-51
-56
-69
-69
-69
-69
-27
-12
-44
-53
-63
-63
-60
-24
-8
-19
-30
-39
-50
-51
-27
-69
-69
-69
-14
-30
-29
-25
-58
-35
-31
-31
-33
-23
-58
-28
-20
-28
-27
-13
-28
-40
-42
-22
-47
-69
-69
-69
-26
-39
-22
-49
-29
-19
-24
-42
-48
-28
-27
-51
-48
-29
-69
-69
-69
-69
-30
-14
-43
-54
-1
-19
-27
-35
-26
-25
-45
-24
-40
-47
-30
-27
-25
-20
-69
-69
-69
-54
-37
-37
-44
-23
-26
-37
-14
-23
-60
-22
-33
-53
-49
-40
-37
-28
-30
-42
-32
-46
-52
-48
-23
-25
-29
-26
-29
-28
-44
-52
-56
-32
-69
-69
-69
-69
-60
-60
-26
-28
-63
-63
-29
-8
-46
-22
-30
-30
-24
-32
-27
-28
-31
-40
-29
-26
-24
-58
-19
-69
-69
-69
-69
3
-60
-60
-25
-29
-27
-35
-63
-63
-63
-28
-17
-39
-50
-42
-19
-38
-21
-22
-28
-22
-32
-32
-29
-44
-28
-40
-24
-34
-26
-32
-27
-48
-27
-45
-60
-20
-27
-32
-63
-27
-19
-54
-28
-12
-24
-29
-20
-14
-32
-32
-29
-25
-48
-36
-37
-28
-31
-30
-29
-54
-29
-19
-31
-34
-44
-69
-69
-69
-69
-69
-32
-33
-60
-33
-25
-63
-24
-33
-31
-54
-33
-33
-42
-31
-23
-32
-31
-25
-50
-51
-53
-44
-11
-33
-33
-21
-29
-35
-29
-58
-60
-60
-69
-69
-69
-69
-69
-27
-53
-48
-47
-8
-63
-63
-63
-20
-32
-31
-51
-42
-48
-28
-42
-29
-23
-10
-47
-42
-28
-20
-22
-29
-54
-58
-30
-31
-30
-31
-30
-31
-24
-69
-33
-25
-28
-33
-31
-53
-63
-63
-32
-13
-30
-22
-28
-25
-32
-29
-2
-54
-22
-29
-58
-50
-33
-33
-31
-28
-23
-24
-51
-31
-43
-48
-60
-58
-69
-69
-69
-69
-69
-31
-46
-29
-34
-33
-34
-28
-34
-22
-24
-28
-25
-30
-29
-36
-24
-31
-27
-54
-51
-40
-25
-34
-34
-34
-50
-48
-24
-33
-30
-34
-30
-34
-34
-33
-31
-27
-45
-29
-31
-60
-51
-52
-52
-52
-54
-51
-32
-34
-33
-34
-30
-18
-69
-69
-69
-69
-69
-69
-60
-60
-31
-31
-37
-30
-30
-26
-34
-33
-32
-34
-17
-14
-58
-48
-35
-34
-34
-34
-34
-41
-53
-53
-27
-27
-28
-32
-37
-22
-24
-50
-58
-60
-34
-34
-34
-34
-16
-28
-25
-69
-69
-69
-69
-69
-63
-50
-32
-29
-27
-30
-28
-48
-30
-33
-37
-43
-56
-35
-33
-53
-32
-25
-27
-26
-30
-56
-32
-33
-30
-28
-35
-35
-34
-10
-49
-45
-4
-69
-69
-69
-69
-69
-69
-34
-63
-63
-63
-63
-44
-54
-44
-47
-28
-46
-35
-39
-40
-26
-35
-35
-54
-34
-53
-31
-24
-37
-28
-29
-14
-51
-48
-51
-28
-60
-35
-12
-35
-30
-35
-44
-45
-41
-47
-26
-63
-63
-69
-69
-69
-69
-69
-69
-69
-32
-35
-34
-15
-42
-58
-26
-33
-29
-33
-30
-42
-29
-26
8
-35
-33
-48
-60
-60
-31
-34
-30
-35
-24
-50
-42
-32
-32
-63
-63
-63
-54
-14
-36
-53
-69
-69
-69
-69
-69
-69
-69
-69
-69
-69
-69
-69
-69
-69
-9
-58
-27
-30
-35
-34
-35
-31
-42
-30
-32
-29
-18
-42
-42
-43
-53
-54
-26
-34
-29
-34
-35
-36
-36
-35
-36
-43
-23
-21
-60
-58
-35
-33
-26
-3
-36
-34
-38
-27
-6
-53
-52
-63
-63
-63
-63
-63
-32
-52
-50
-56
-56
-69
-69
-69
-69
-69
-69
-69
-69
-69
-69
-69
-69
-69
-69
-36
-14
-31
-29
-30
-26
-28
-27
-29
-47
-26
-46
-50
-32
-47
-38
-34
-24
-28
-29
-23
-34
-36
-36
-34
-56
-56
-56
-56
-53
-53
-56
-22
-24
-42
-33
-33
-35
-32
-35
-34
-36
-29
-52
-44
-53
-34
-29
-31
-37
-37
-36
-30
-37
-31
-63
-63
-51
-29
-58
-58
-54
-45
-49
-44
-39
-50
-25
-30
-30
-69
-69
-69
-69
-69
-69
-69
-69
-69
-69
-69
-69
-69
-69
-35
-44
-38
-27
-31
-37
-35
-51
-34
-35
-36
-2
-37
-29
-54
-34
-37
-56
-60
-60
-22
-43
-53
-52
-52
-53
-51
-27
-36
-20
-37
-37
-37
-44
-48
-48
-39
-39
-49
-47
-49
-48
-48
-50
-31
-36
-29
-56
-56
-58
-34
-60
-60
-63
-63
-63
-63
-33
-37
-36
-37
-37
-37
-24
-69
-69
-69
-69
-69
-69
-69
-69
-69
-69
-69
-69
-69
-69
-69
-69
-69
-69
-69
-69
-69
-33
-25
-56
-56
-46
-45
-32
-28
-41
-41
-52
-36
-37
-34
-34
-32
-40
-60
-60
-60
-46
-31
-36
-48
-12
-51
-24
-47
-37
-37
-37
-29
-35
-27
-43
-33
-39
-35
-39
-40
-36
-23
-58
-58
-58
-32
-26
-43
-46
-60
-58
-63
-63
-63
-63
-60
-20
-31
-30
-36
-37
-31
-32
-37
-26
-30
-25
-46
-31
-56
-37
-25
-29
-69
-69
-69
-69
-69
-69
-69
-69
-69
-69
-69
-69
-69
-69
-69
-69
-69
-69
-28
-11
-30
-41
-46
-32
-32
-38
-38
-38
-38
-37
-28
-38
-35
-38
-31
-32
-37
-38
-38
-38
-54
-53
-52
-54
-28
-48
-27
-50
-50
-47
-33
-33
-36
-26
-31
-16
-48
-26
-52
-52
-44
-60
-60
-60
-33
-17
-50
-51
-43
-34
-38
-38
-33
-36
-38
-38
-37
-26
-41
-30
-29
-40
-42
-33
-33
-22
-44
-35
-13
-23
-29
-32
-23
-30
-42
-34
-58
-58
-58
-58
-33
-44
-32
-38
-38
-31
-38
-38
-43
-42
-39
-24
-34
-37
-36
-63
-63
-63
-63
-63
-63
-54
-31
-44
-47
-45
-24
-32
-56
-56
-56
-35
-28
-41
-27
-48
-38
-37
-38
-38
-37
-22
-54
-26
-25
-34
-31
-27
-27
-38
-15
-69
-69
-69
-69
-69
-69
-69
-69
-69
-69
-69
-69
-69
-69
-69
-69
-69
-69
-69
-69
-69
-69
-69
-69
-69
-69
-69
-69
-69
-69
-69
-69
-69
-69
-69
-32
-33
-45
-48
-50
-47
-47
-51
-50
-37
-31
-29
-17
-26
-27
-60
-60
-60
-60
-60
-56
-60
-60
-60
-31
-38
-21
-35
-43
-37
-39
-32
-33
-25
-35
-46
-45
-46
-23
-26
-42
-58
-54
-54
-58
-53
-29
-39
-39
-38
-38
-38
-39
-39
-19
-36
-31
-37
-38
-23
-43
-20
-34
-34
-25
-56
-56
-34
-29
-63
-63
-60
-63
-63
-63
-63
-63
-63
-63
-63
-63
-43
-49
-31
-33
-34
-36
-39
-38
-39
-35
-39
-39
-38
-35
-34
-31
-49
-51
-51
-48
-36
-36
-37
-28
-29
-28
-23
-41
-28
-69
-69
-69
-69
-69
-69
-69
-69
-69
-69
-69
-69
-69
-69
-69
-69
-69
-69
-69
-69
-69
-69
-69
-69
-69
-69
-69
-69
-69
-69
-69
-69
-69
-69
-69
-47
-39
-26
-38
-39
-39
-29
-33
-20
-60
-60
-50
-29
-35
-33
-46
-47
-47
-20
-42
-38
-27
-40
-48
-33
-33
-21
-39
-38
-38
-39
-37
-39
-39
-39
-39
-39
-38
-30
-39
-29
-44
-35
-58
-54
-58
-58
-28
-34
-30
-38
-32
-53
-56
-48
-49
-17
-32
-32
-54
-52
-54
-52
-54
-36
-35
-39
-39
-39
-38
-39
-39
-28
-53
-52
-60
-63
-63
-63
-63
-63
-63
-63
-19
-31
-34
-46
-47
-36
-31
-30
-31
-29
-28
-35
-38
-38
-33
-35
-20
-39
-38
-40
-39
-40
-37
-39
-40
-30
-39
-69
-69
-69
-69
-69
-69
-69
-69
-69
-69
-69
-69
-69
-69
-69
-69
-69
-69
-69
-69
-69
-69
-69
-69
-69
-69
-69
-69
-69
-69
-69
-69
-69
-69
-69
-69
-69
-69
-69
-69
-69
-69
-69
-69
-69
-45
-60
-60
-60
-58
-58
-21
-18
-48
-46
-35
-31
-37
-32
-35
-37
-36
-39
-40
-40
-35
-40
-40
-21
-37
-58
-54
-58
-58
-58
-58
-30
-30
-48
-34
-36
-37
-35
-33
-34
-36
-49
-50
-43
-43
-56
-51
-56
-47
-50
-41
-35
-38
-36
-53
-30
-53
-40
-36
-40
-40
-31
-39
-28
-25
-39
-41
-16
-37
-46
-42
-33
-20
-32
-63
-63
-63
-63
-63
-63
-56
-63
-63
-63
-63
-63
-63
-63
-63
-63
-63
-29
-47
-37
-35
-37
-35
-31
-42
-33
-30
-34
-40
-39
-38
-40
-40
-38
-32
-40
-40
-40
-40
-37
-48
-48
-46
-45
-34
-41
-26
-12
-21
-29
-32
-41
-60
-60
-60
-60
-60
-58
-58
-32
-33
-35
-44
-30
-50
-49
-69
-69
-69
-69
-69
-69
-69
-69
-69
-69
-69
-69
-69
-69
-69
-69
-69
-69
-69
-69
-69
-69
-69
-69
-69
-69
-69
-69
-69
-69
-69
-69
-69
-69
-69
-69
-69
-69
-69
-31
-35
-36
-41
-34
-40
-38
-36
-38
-41
-35
-41
-39
-38
-20
-43
-50
-24
-32
-35
-45
-58
-43
-56
-56
-58
-58
-35
-39
-51
-50
-12
-27
-29
-28
-30
-52
-51
-52
-47
-56
-56
-54
-52
-51
-56
-56
-56
-46
-31
-34
-28
-50
-53
-53
-54
-52
-18
-45
-43
-30
-28
-1
-41
-39
-36
-41
-41
-41
-39
-41
-41
-40
-41
-41
-21
-23
-27
-40
-23
-32
-32
-45
-36
-33
-48
-48
-29
-35
-29
-35
-36
-30
-39
-63
-63
-63
-63
-63
-63
-63
-63
-63
-63
