-5
-10
3
12
12
-1
0
-10
-7
-7
-11
-9
-3
0
-7
-5
-15
-12
-11
-11
-12
-10
-4
-15
-14
-7
-13
-13
-17
-7
-12
-2
-2
-11
-16
-10
-2
-12
-5
3
-16
-17
-10
-10
-19
-2
-12
-19
-9
-20
-16
-14
-14
-21
-10
-21
-7
-17
-14
-13
-16
-11
-5
-15
-21
-22
-22
-22
-22
-22
-22
-20
-16
-9
-21
-22
-22
-22
-14
-21
-22
-22
-21
-21
-20
-20
-14
-20
-21
-15
-17
-22
-21
-20
-21
-11
-20
-14
-13
-14
-16
-11
-21
-17
-22
-12
-15
-11
-20
-19
-20
-21
-16
-19
-9
-18
-28
-19
-14
-13
-20
-15
-21
-21
-12
-20
-20
-20
-11
-14
-15
-15
-23
-15
-22
-12
-23
-16
-11
-23
-13
-23
-19
-22
-22
-13
-12
-11
-22
-17
-23
-23
-23
-23
-23
-23
-23
-23
-23
-23
-23
-23
-23
-23
-23
-23
-13
-23
-23
-21
-22
-14
-22
-18
-23
-23
-17
-18
-18
-16
-16
-16
-16
-23
-15
-16
-15
-13
-21
-21
-23
-16
-19
-16
-22
-21
-17
-17
-13
-17
-15
-13
-19
-9
-16
-14
-16
-20
-5
-16
-15
-14
-17
-11
-15
-23
-19
-21
-12
-19
-13
-20
-14
-11
-23
-21
-18
-18
-14
-9
-19
-18
-23
-15
-18
-16
-22
-20
-6
-23
-16
-16
-7
-24
-11
-45
-14
-19
-20
-17
-23
-15
-18
-17
-31
-12
-17
-20
-20
-18
-20
-19
-13
-19
-18
-16
-19
-13
-21
-19
-20
-18
-21
-21
-18
-18
-15
-18
-17
-2
-10
-16
-10
-15
-12
-15
-11
-15
-16
-22
-20
-19
-22
-24
-22
-19
-23
-22
-18
-18
-15
-18
-14
-20
-14
-20
-19
-19
-5
-12
-21
-19
-21
-20
-19
-10
-7
-7
-17
-21
-22
-14
-21
-11
-20
-21
-20
-21
-21
-16
-19
-21
-21
-21
-14
-8
-2
-20
-22
-15
-16
-22
-21
-11
-21
-26
-18
-20
-9
-20
-9
-20
-19
-22
-14
-21
-17
-19
-24
-18
-19
-11
-18
-15
-19
-5
-20
-19
-21
-21
-18
-22
-14
-22
-17
-20
-22
-19
-14
-10
-20
-18
-10
-23
-20
-23
-24
-18
-12
-19
-13
-18
-20
-23
-5
-17
-22
-14
-20
-18
-20
-18
-14
-20
-7
-16
-7
-15
-18
-7
-25
-24
-15
-21
-18
-22
-20
-16
-23
-10
-20
-20
-13
-18
-14
-10
-20
-12
-24
-10
-21
-13
-21
-13
-18
-22
-22
-15
-17
-23
-23
-20
-22
-24
-19
-21
-24
-12
-19
-21
-23
-23
-20
-22
-17
-22
-15
-23
-11
-26
-17
-24
-22
-24
-21
-22
-22
-20
-16
-23
-18
-19
-3
-25
-12
-21
-19
-23
-21
-23
-24
-25
-14
-24
-19
-9
-19
-23
-18
-18
-19
-25
-12
-12
-12
-12
-24
-16
-25
-23
-26
-24
-21
-12
-26
-23
-21
-12
-5
-20
-22
-15
-26
-24
-20
-24
-10
-23
-23
-22
-5
-21
-20
-26
-6
-26
-23
-24
-26
-25
-20
-23
-16
-16
-18
-24
-22
-17
-21
-27
-22
-24
-24
-19
-26
-28
6
-18
-19
-9
-25
-20
-24
-23
-24
-25
-16
-10
-25
-23
-23
-26
-17
-13
-21
-19
-25
-18
-23
-23
-23
-25
-24
-4
-23
-26
-25
-26
-25
-23
-12
-24
-24
-24
-25
-29
-23
-22
-26
-25
-25
-27
-27
-25
-22
-17
-26
-26
-28
-20
-25
-22
-19
-22
-24
-18
-19
-29
-25
-24
-21
-23
-26
-13
-23
-26
-25
-23
-27
-23
-26
-23
-25
-23
-25
0
-15
-27
-24
-22
-26
-20
-26
-26
-24
-24
-14
-26
-18
-25
-24
-17
-27
-14
-26
-22
-13
-25
-20
-27
-21
-29
-25
-20
-23
-67
-16
-24
-27
-26
-28
-13
-13
-27
-26
-27
-26
-29
-17
-26
-27
-9
-24
-23
-26
-28
-28
-25
-26
-30
-28
-12
-21
-29
-12
-15
-17
-28
-28
-30
-16
-29
-29
-22
-34
-28
-26
-25
-25
-23
-25
-11
-28
-26
-22
-7
-26
-28
-28
-24
-28
-13
-26
-27
-18
-28
-24
-21
-28
-28
-15
-24
-27
-31
-26
-28
-25
-23
-21
-28
-16
-41
-27
-29
-28
-26
-28
-29
-27
-27
-10
-22
-24
-6
-22
-21
-24
-25
-28
-13
-24
-20
-26
-25
-22
-26
-32
-22
-24
-26
-29
-29
-29
-9
-27
-56
-23
-24
-10
-26
-23
-23
-28
-25
-29
-31
-29
-29
-28
-15
-23
-5
-8
-23
-26
-24
-26
-21
-30
-25
-16
-28
-20
-14
-28
-30
-23
-22
-27
-29
-26
-18
-23
-29
-26
-18
-18
-19
-29
-20
-30
-26
-28
-21
-29
-25
-27
-23
-25
-28
-31
-26
-28
-27
-30
-28
-24
-26
-16
-10
-29
-25
-25
-28
-24
-25
-27
-31
-31
-31
-24
-27
-30
-23
-27
-14
-28
-28
-24
-26
-24
-19
-28
-29
-28
-29
-24
-15
-27
-25
-31
-21
-26
-18
-25
-14
-25
-31
-30
-31
-29
-29
-29
-24
-16
-13
-29
-30
-31
-29
-28
-30
-29
-29
-20
-21
-28
-31
-31
-31
-27
-17
-28
-21
-24
-27
-23
-28
-8
-23
-31
-30
-28
-30
-30
-29
-29
-13
-26
-32
-30
-31
-26
-18
-29
-28
-26
-26
-24
-27
-46
-29
-29
-30
-25
-23
-29
-14
-30
-29
-27
-19
-28
-30
-28
-31
-29
-31
-32
-31
-27
-31
-16
-26
-26
-58
-19
0
-30
-30
-31
-27
-29
-15
-11
-29
-30
-24
-30
-30
-32
-24
-29
-24
-28
-28
-32
-28
-30
-27
-27
-23
-18
-24
-30
-33
-25
-4
-28
-27
-29
-19
14
-27
-23
-30
-25
-29
-33
-28
-67
-23
-21
-31
-14
-28
-24
-25
-25
-31
-28
-58
-30
-30
-27
-29
-26
-31
-31
-33
-31
-30
-14
-20
-67
-67
-26
-17
-27
-29
-30
-26
-31
-31
-29
-30
-31
-29
-30
-27
-25
-21
-29
-22
-9
-29
-29
-30
-31
-33
-4
-29
-20
-23
-23
-24
-26
-16
-32
-32
-32
-22
-28
-26
-28
-30
-29
-32
-32
-30
-29
-28
-27
-18
-29
-27
-28
-42
-25
-23
-29
-30
-34
-32
-31
-29
-31
-29
-67
-23
-23
-33
-29
-33
-32
-28
-30
-25
-27
-26
-15
-28
-32
-33
-29
-31
-31
-29
-26
-26
-29
-28
-29
-28
-31
-34
-31
-30
-18
-32
-22
-28
-32
-28
-31
-49
-31
-21
-22
-24
-27
-17
-29
-22
-47
-33
-32
-32
-32
-26
-32
-15
-18
-27
-25
-25
-26
-27
-30
-30
-28
-26
-28
-29
-22
-23
-26
-30
-29
-33
-31
-34
-29
-33
-30
-30
-20
-30
-31
-31
-30
-25
-24
-21
-27
-24
-27
-34
-33
-26
-31
-31
-29
-30
-18
-31
-29
-29
-31
-32
-27
-23
-20
-14
-30
-33
-33
-33
-33
-34
-32
-33
-33
-33
-31
-29
-21
-33
-31
-26
-26
-27
-24
-23
-18
-26
-29
-29
-30
-27
-31
-32
-34
-34
-33
-32
-34
-32
-22
-29
-34
-28
-22
-25
-32
-24
-28
-32
-27
-30
-30
-30
-1
-26
-29
-10
-31
-31
-31
-21
-26
-31
-34
-35
-32
-35
-33
-34
-31
-34
-35
-33
-11
-32
-21
-27
-23
-21
-27
-27
-31
-26
-30
-27
-28
-33
-34
-31
-30
-31
-33
-33
-27
-30
-33
-32
-34
-32
-31
-33
-34
-28
-22
-21
-33
-31
-23
-32
-31
-30
-21
-25
-23
-31
-26
-28
-31
-11
-26
-33
-34
-33
-32
-33
-31
-35
-34
-34
-33
-35
-29
-19
-31
-31
-32
-30
-25
-27
-28
-22
-31
-31
-29
-29
-30
-34
-34
-31
-34
-34
-35
-32
-26
-30
-25
-27
-30
-23
-31
-28
-31
-26
-29
-22
-30
-31
-25
-27
-29
-40
-29
-29
-24
-33
-33
-32
-27
-33
-28
-25
-26
-35
-35
-35
-34
-35
-35
-33
-33
-32
-31
-30
-29
-29
-29
-28
-19
-49
-6
-31
-26
-32
-33
-32
-31
-28
-35
-32
-35
-21
-34
-35
-32
-34
-33
-33
-34
-35
-27
-24
-28
-28
-30
-25
-30
-22
-30
-33
-20
-15
-29
-31
-32
3
-34
-29
-27
-29
-30
-31
-23
-33
-35
-36
-33
-33
-35
-30
-36
-26
-31
-21
-67
-27
-31
-35
-31
-17
-23
-29
-31
-30
-32
-32
-27
-33
-34
-28
-30
-31
-30
-28
-31
-36
-36
-30
-35
-36
-33
-36
-31
-36
-35
-36
-34
-30
-34
-32
-25
-29
-32
-31
-31
-34
-30
-33
-38
-34
-34
-36
-35
-35
-35
-29
-29
-32
-33
-23
-20
-24
-31
-31
-30
-31
-29
-32
-34
-34
-35
-30
-35
-35
-32
-28
-34
-35
-36
-32
-32
-25
-33
-26
-26
-31
-29
-26
-22
-31
-34
-34
-29
-29
-33
-32
-32
-21
-33
-34
-34
-28
-26
-25
-32
-35
-35
-36
-36
-36
-36
-32
-34
-36
-32
-20
-31
-19
-29
-28
-29
-27
-33
-32
-33
-34
-32
-39
-31
0
-34
-25
-33
-33
-32
-13
-43
-32
-32
-33
-39
-35
-35
-35
-35
-33
-35
-33
-36
-31
-36
-32
0
-18
-49
-24
-31
-29
-27
-27
-21
-33
-32
-34
-33
-31
-30
-36
-35
-35
-32
-34
-25
-34
-32
-31
-27
-56
-36
-35
-35
-34
-34
-36
-37
-35
-34
-37
-37
-34
-36
-35
-31
-33
-30
-25
-34
-33
-33
-32
-29
-27
-14
-32
-31
-32
-35
-33
-36
-34
-32
-33
-15
-33
-36
-28
-28
-26
-36
-36
-34
-35
-35
-35
-37
-36
-23
-31
-21
-34
-13
-32
-22
-2
-25
-30
-29
-34
-36
-33
-27
-34
-28
-28
-51
-36
-30
-36
-34
-36
-33
-32
-33
-37
-34
-37
-36
-37
-36
-36
-37
-25
-21
-54
-22
-33
-33
-32
-32
-1
-34
-29
-33
-32
-21
-20
-32
-37
-35
-34
-34
-32
-33
-37
-33
-33
-8
-24
-28
-24
-34
-29
-28
-27
-28
-30
-33
-32
-47
-32
-30
-26
-35
-34
-28
-30
-36
-36
-36
-34
-31
-23
-25
-58
-26
-36
-35
-35
-37
-30
-35
-33
-34
-37
-37
-35
-33
-37
-35
-33
-32
-33
-32
-67
-23
-26
-34
-19
-30
-29
-11
-34
-34
-37
-35
-37
-34
-20
-32
-30
-33
-34
-26
-37
-34
-36
-36
-38
-37
-36
-38
-36
-36
-35
-37
-36
-37
-35
-38
-36
-37
-40
-20
-33
-21
-34
-32
-36
-35
-34
-35
-32
-36
-31
-67
-25
-30
-20
-24
-29
-38
-36
-32
-37
-36
-36
-36
-35
-36
-34
-37
-37
-36
-35
-38
-37
-36
-35
-36
-29
-24
-34
-32
-32
-34
-30
-35
-35
-35
-33
-37
-37
-36
-34
-27
-30
-30
-31
-30
-10
-32
-67
-33
-31
-33
-33
-37
-37
-37
-37
-37
-38
-38
-37
-38
-32
-35
-34
-36
-34
-35
-34
-32
-32
-26
-25
-26
-27
-36
-32
-36
-36
-32
-32
-36
-26
-20
-31
-32
-31
-23
-16
-34
-34
-50
-31
-29
-34
-34
-32
-37
-37
-36
-34
-38
-35
-33
-38
-36
-38
-38
-34
-37
-24
-20
-30
-29
-35
-36
-37
-35
-41
-28
-26
-34
-20
-36
-31
-34
-28
-27
-34
-33
-35
-20
-38
-33
-38
-37
-37
-38
-38
-33
-38
-35
-35
-33
-38
-34
-38
-38
-37
-36
-35
-38
-37
-26
-26
-32
-34
-37
-36
-27
-10
-28
-67
-67
-67
-26
-38
-34
-37
-30
-32
-29
-27
-29
-34
-34
-35
-36
-34
-43
-20
-32
-34
-34
-23
-22
-37
-38
-39
-38
-36
-36
-37
-38
-38
-37
-37
-35
-38
-39
-37
-37
-36
-36
-37
-35
-37
-36
-22
-29
-16
-31
-33
-31
-8
-30
-38
-36
-50
-30
-34
-67
-67
-29
-33
-31
-35
-31
-35
-34
-27
-26
-14
-39
-39
-38
