-5
-55
-34
-25
-28
-31
-47
-42
-33
-33
-39
-45
-51
-41
-58
-67
-52
-47
-54
-45
-38
-55
-51
-34
-51
-35
-33
-67
-35
-28
-67
-67
-28
-41
-41
-31
-45
-54
-23
5
-47
-40
-37
-67
-52
-42
-39
-52
-41
-44
-51
-52
-49
-61
-55
-55
-40
-43
-47
-37
-67
-55
-61
-41
-61
-67
-67
-67
-67
-67
-67
-49
-58
-39
-55
-67
-67
-67
-67
-58
-61
-67
-54
-58
-45
-45
-37
-41
-58
-44
-47
-58
-54
-50
-58
-36
-51
-54
-67
-49
-39
-51
-49
-61
-55
-43
-39
-55
-45
-50
-47
-48
-67
-39
-40
-40
-17
-41
-37
-30
-48
-61
-48
-48
-40
-42
-43
-45
-33
-47
-40
-40
-67
-37
-67
-35
-67
-61
-35
-67
-67
-67
-47
-55
-46
-32
-31
-30
-54
-67
-67
-67
-67
-67
-61
-61
-67
-67
-67
-67
-67
-67
-67
-67
-67
-67
-36
-61
-61
-47
-61
-40
-61
-42
-67
-61
-61
-61
-43
-67
-67
-47
-31
-61
-36
-58
-40
-67
-42
-46
-58
-44
-67
-67
-50
-43
-46
-67
-38
-67
-40
-38
-40
-27
-45
-44
-41
-58
-24
-54
-35
-31
-67
-30
-36
-52
-35
-41
-61
-47
-23
-41
-33
-36
-51
-50
-47
-51
-36
-29
-51
-32
-51
-36
-50
-40
-47
-37
-27
-51
-35
-36
-19
-16
-31
-22
-31
-61
-47
-35
-48
-42
-35
-40
-19
-29
-36
-43
-67
-67
-40
-51
-36
-49
-36
-36
-58
-41
-40
-42
-35
-48
-41
-39
-47
-67
-32
-45
-36
-26
-25
-38
-25
-37
-30
-29
-30
-40
-29
-41
-67
-49
-48
-67
-67
-39
-67
-55
-61
-41
-36
-55
-33
-67
-29
-67
-67
-67
-21
-30
-61
-43
-67
-54
-41
-22
-23
-3
-38
-39
-67
-31
-58
-24
-50
-67
-48
-49
-45
-38
-50
-44
-58
-61
-40
-28
-9
-51
-52
-36
-34
-39
-67
-23
-67
-67
-31
-43
-24
-49
-21
-35
-35
-54
-37
-51
-33
-42
-58
-31
-36
-25
-37
-35
-33
-17
-44
-32
-38
-42
-29
-67
-30
-47
-41
-47
-50
-27
-29
-19
-45
-36
-27
-67
-47
-67
-67
-31
-32
-32
-27
-33
-49
-54
-20
-30
-43
-33
-45
-43
-31
-48
-33
-45
-26
-34
-25
-28
-29
-24
-67
-61
-31
-55
-40
-48
-43
-38
-54
-27
-39
-39
-34
-67
-30
-32
-42
-28
-55
-21
-41
-36
-32
-27
-33
-51
-50
-30
-27
-58
-52
-67
-45
-67
-27
-67
-45
-25
-29
-67
-46
-51
-55
-49
-30
-55
-31
-49
-24
-67
-29
-52
-50
-67
-43
-52
-49
-33
-31
-47
-37
-31
-15
-67
-9
-38
-35
-50
-39
-49
-67
-55
-29
-58
-41
-22
-35
-45
-33
-36
-37
-67
-22
-22
-32
-25
-45
-24
-67
-43
-67
-58
-35
-22
-67
-52
-51
-24
-27
-42
-55
-44
-67
-67
-41
-58
-21
-47
-55
-44
-26
-37
-37
-67
-23
-58
-49
-61
-67
-67
-29
-55
-31
-28
-36
-54
-38
-33
-43
-67
-47
-47
-48
-34
-61
-61
7
-36
-35
-21
-52
-51
-50
-58
-46
-67
-25
-25
-58
-48
-47
-58
-36
-20
-15
-32
-55
-26
-45
-38
-67
-50
-46
-22
-67
-67
-67
-67
-55
-40
-26
-52
-51
-41
-43
-67
-67
-40
-54
-41
-50
-50
-67
-67
-45
-29
-55
-67
-67
-28
-48
-43
-32
-46
-45
-32
-31
-67
-47
-51
-38
-50
-67
-22
-42
-58
-44
-58
-55
-67
-51
-50
-50
-58
-51
-20
-26
-49
-41
-46
-54
-33
-42
-67
-67
-40
-22
-55
-34
-54
-54
-30
-67
-27
-52
-38
-24
-41
-38
-58
-35
-67
-67
-30
-46
-24
-25
-16
-55
-15
-61
-26
-27
-58
-52
-58
-55
-67
-32
-54
-58
-27
-47
-51
-61
-58
-58
-58
-49
-67
-67
-21
-42
-61
-20
-24
-30
-67
-67
-67
-67
-55
-58
-38
-22
-67
-67
-67
-67
-45
-55
-26
-61
-43
-37
-16
-51
-52
-58
-44
-67
-22
-52
-52
-32
-49
-39
-34
-61
-58
-19
-43
-46
-67
-52
-54
-45
-37
-36
-58
-28
-26
-67
-67
-67
-55
-51
-67
-52
-54
-22
-38
-45
-14
-37
-40
-67
-43
-54
-21
-61
-32
-43
-45
-37
-46
-23
-38
-37
-67
-67
-67
-67
-16
-54
-31
-40
-17
-17
-46
-36
-38
-52
-67
-67
-67
-67
-67
-54
-19
-39
-24
-5
-40
-61
-47
-54
-35
-67
-50
-23
-58
-30
-23
-61
-61
-38
-36
-52
-67
-67
-24
-37
-58
-44
-29
-27
-27
-51
-32
-67
-67
-51
-61
-55
-37
-54
-35
-43
-67
-67
-45
-52
-50
-67
-67
-40
-42
-27
-16
-49
-42
-41
-55
-38
-45
-49
-58
-61
-61
-67
-67
-67
-40
-43
-36
-61
-55
-45
-36
-39
-29
-67
-67
-67
-49
-43
-21
-43
-43
-58
-43
-45
-43
-41
-23
-35
-67
-67
-67
-67
-61
-55
-36
-26
-22
-67
-67
-67
-67
-58
-55
-58
-52
-37
-32
-67
-67
-67
-67
-67
-27
-49
-54
-40
-54
-18
-44
-17
-35
-67
-67
-67
-58
-55
-54
-61
-29
-43
-67
-67
-67
-52
-28
-54
-61
-20
-48
-40
-42
-30
-67
-67
-67
-42
-48
-55
-28
-61
-47
-44
-35
-42
-50
-43
-67
-67
-67
-67
-55
-43
-61
-25
-39
-46
-20
-28
-8
-67
-55
-61
-47
-47
-20
-19
-46
-58
-39
-67
-67
-67
-67
-55
-39
-61
-61
-61
-51
-51
-43
-45
-36
-29
-36
-67
-67
-67
-13
-50
-43
-51
-29
6
-47
-34
-47
-42
-67
-67
-47
-34
-37
-31
-61
-21
-50
-38
-40
-38
-58
-54
-33
-52
-54
-44
-44
-42
-55
-55
-67
-67
-67
-18
-31
-34
-34
-40
-30
-44
-55
-55
-41
-67
-67
-67
-67
-67
-67
-61
-43
-35
-41
-58
-35
-16
-51
-67
-67
-61
-61
-21
-44
-28
-39
-51
-32
-40
-25
-67
-67
-67
-67
-50
-43
-52
-58
-50
-67
-67
-67
-67
-49
-41
-27
-47
-51
-51
-28
-40
-43
-49
-67
-67
-67
-52
-58
-61
-47
-35
-35
-34
-67
-67
-67
-67
-46
-61
-38
-39
-37
-23
-44
-58
-58
-58
-58
-55
-54
-20
-41
-49
-20
-52
-67
-67
-67
-67
-67
-67
-61
-45
-40
-55
-58
-55
-31
-55
-32
-33
-34
-41
-26
-52
-33
-27
-67
-58
-61
-61
-39
-52
-27
-30
-21
-37
-49
-40
-41
-48
-49
-44
-43
-40
-45
-35
-36
-38
-67
-67
-67
-67
-67
-67
-58
-51
-51
-30
-50
-55
-54
-49
-37
-41
-29
-39
-37
-67
-67
-67
-67
-67
-67
-67
-67
-29
-52
-50
-42
-55
-51
-38
-33
-28
-23
-44
-67
-67
-67
-67
-67
-67
-67
-67
-67
-67
-44
-31
-58
-58
-40
-51
-42
-33
-34
-15
-38
-44
-42
-61
-61
-61
-61
-67
-67
-67
-67
-67
-67
-67
-67
-67
-47
-33
-39
-54
-35
-42
-58
-44
-46
-52
-51
-4
-39
-44
-16
-54
-54
-54
-31
-45
-58
-61
-67
-67
-67
-67
-67
-67
-67
-67
-67
-16
-58
-33
-42
-34
-27
-39
-44
-50
-44
-49
-42
-36
-61
-61
-61
-61
-61
-61
-61
-67
-67
-67
-67
-67
-67
-67
-67
-67
-42
-30
-29
-55
-47
-19
-52
-52
-47
-25
-41
-35
-47
-37
-42
-49
-17
-38
-61
-61
-61
-61
-61
-67
-67
-67
-67
-67
-67
-55
-32
-51
-51
-58
-46
-34
-43
-48
-34
-49
-49
-44
-44
-58
-61
-67
-67
-67
-67
-67
-67
-58
-55
-35
-47
-51
-32
-48
-48
-47
-39
-44
-34
-54
-52
-39
-42
-44
-29
-43
-45
-36
-61
-61
-61
-61
-55
-52
-40
-38
-67
-67
-67
-67
-67
-67
-58
-58
-47
-51
-49
-43
-43
-43
-54
-26
-31
-4
-43
-39
-61
-61
-52
-52
-47
-67
-67
-67
-67
-67
-67
-67
-67
-67
-67
-67
-67
-39
-31
-43
-44
-48
-45
-47
-32
-45
-54
-28
-23
-46
-51
-50
-9
-61
-61
-55
-55
-54
-55
-33
-55
-67
-67
-67
-67
-67
-67
-67
-39
-50
-32
-37
-39
-51
-24
-42
-23
-37
-46
-50
-55
-55
-51
-61
-61
-61
-43
-51
-51
-58
-40
-67
-67
-67
-67
-67
-67
-67
-67
-67
-67
-67
-67
-67
-67
-67
-54
-19
-50
-51
-51
-58
-58
-45
-55
-26
-67
-67
-67
-67
-67
-67
-43
-44
-54
-52
-18
-28
-51
-55
-54
-50
-48
-48
-61
-61
-61
-55
-44
-67
-67
-67
-67
-67
-67
-67
-67
-67
-37
-52
-40
-39
-46
-52
-37
-37
-50
-52
-55
-43
-38
-58
-61
-61
-29
-55
-55
-58
-39
-39
-34
-67
-67
-67
-67
-67
-67
-67
-67
-67
-67
-51
-43
-47
-25
-40
-40
-43
-38
-50
-55
-52
-55
-51
-28
-47
-5
-61
-30
-58
-55
-51
-19
-30
-52
-47
-51
-29
-67
-67
-67
-67
-67
-67
-67
-67
-67
-67
-67
-7
-25
-33
-33
-44
-46
-39
-40
-30
-22
-47
-55
-55
-51
-45
-61
-61
-61
-61
-58
-36
-49
-54
-50
-47
-34
-67
-67
-67
-67
-67
-67
-67
-67
-67
-67
-67
-67
-67
-67
-52
-51
-51
-34
-55
-52
-55
-55
-43
-37
-20
-44
-47
-61
-61
-61
-61
-58
-44
-51
-19
-50
-25
-42
-42
-37
-67
-67
-67
-67
-67
-67
-67
-67
-29
-50
-32
-55
-18
-47
-33
-7
-35
-45
-40
-61
-61
-58
-49
-58
-39
-46
-32
-67
-67
-67
-67
-67
-67
-67
-67
-67
-67
-67
-67
-67
-67
-67
-67
-18
-31
-33
-30
-54
-61
-49
-48
-12
-48
-51
-51
-48
-32
-36
-67
-67
-67
-67
-67
-67
-67
-67
-67
-67
-14
-34
-40
-42
-55
-45
-37
-40
-39
-46
-47
-47
-33
-45
-41
-36
-58
-55
-34
-61
-61
-61
-61
-50
-52
-32
-33
-37
-40
-67
-67
-67
-67
-67
-67
-67
-67
-67
-67
-67
-67
-67
-67
-55
-55
-55
-48
-22
-34
-33
-52
-22
-51
-40
-16
-45
-55
-61
-61
-61
-47
-27
-45
-43
-52
-55
-39
-67
-67
-67
-67
-67
-67
-67
-67
-67
-67
-67
-67
-67
-67
-67
-67
-67
-67
-26
-37
-49
-27
-50
-49
-25
-58
-58
-58
-51
-61
-45
-39
-32
-43
-28
-31
-40
-67
-67
-67
-67
-67
-67
-67
-67
-67
-67
-67
-67
-67
-67
-67
-67
-67
-67
-67
-39
-31
-50
-45
-54
-54
-47
-52
-52
-54
-55
-61
-61
-61
-58
-36
-44
-48
-46
-38
-15
-46
-38
-55
-41
-50
-50
-67
-67
-67
-67
-67
-67
-67
-67
-67
-67
-67
-67
-67
-52
-54
-52
-52
-47
-36
-21
-37
-35
-61
-61
-61
-61
-61
-61
-58
-34
-28
-47
-49
-49
-32
-23
-55
-54
-36
-43
-40
-54
-52
-45
-67
-67
-67
-67
-67
-67
-67
-67
-67
-67
-67
-58
-55
-43
-26
-42
-42
-58
-49
-61
-27
-31
-40
-39
-54
-40
-55
-46
-47
-36
-38
-51
-52
-52
-28
-67
-67
-67
-67
-67
-67
-67
-67
-67
-67
-67
-67
-67
-67
-67
-67
-67
-67
-67
-67
-67
-34
-34
-46
-58
-58
-58
-40
-17
-33
-37
-40
-39
-24
-61
-61
-61
-39
-45
-39
-36
-36
-50
-55
-55
-55
-55
-33
-24
-51
-51
-51
-31
-31
-67
-67
-67
-67
-67
-67
-67
-67
-67
-67
-67
-67
-67
-67
-67
-67
-67
-67
-67
-58
-58
-58
-28
-39
-14
-40
-46
-46
-14
-42
-61
-61
-34
-25
-51
-24
-23
-21
-54
-45
-54
-45
-52
-52
-38
-33
-18
-67
-67
-67
